. 1 2 38
. 1 37 38
. 2 3 39
. 2 38 39
. 3 4 40
. 3 39 40
. 4 5 41
. 4 40 41
. 5 6 42
. 5 41 42
. 6 7 43
. 6 42 43
. 7 8 44
. 7 43 44
. 8 9 45
. 8 44 45
. 9 10 46
. 9 45 46
. 10 11 47
. 10 46 47
. 11 12 48
. 11 47 48
. 12 13 49
. 12 48 49
. 13 14 50
. 13 49 50
. 14 15 51
. 14 50 51
. 15 16 52
. 15 51 52
. 16 17 53
. 16 52 53
. 17 18 54
. 17 53 54
. 18 19 55
. 18 54 55
. 19 20 56
. 19 55 56
. 20 21 57
. 20 56 57
. 21 22 58
. 21 57 58
. 22 23 59
. 22 58 59
. 23 24 60
. 23 59 60
. 24 25 61
. 24 60 61
. 25 26 62
. 25 61 62
. 26 27 63
. 26 62 63
. 27 28 64
. 27 63 64
. 28 29 65
. 28 64 65
. 29 30 66
. 29 65 66
. 30 31 67
. 30 66 67
. 31 32 68
. 31 67 68
. 32 33 69
. 32 68 69
. 33 34 70
. 33 69 70
. 34 35 71
. 34 70 71
. 35 36 72
. 35 71 72
. 36 1 37
. 36 72 37
. 37 38 74
. 37 73 74
. 38 39 75
. 38 74 75
. 39 40 76
. 39 75 76
. 40 41 77
. 40 76 77
. 41 42 78
. 41 77 78
. 42 43 79
. 42 78 79
. 43 44 80
. 43 79 80
. 44 45 81
. 44 80 81
. 45 46 82
. 45 81 82
. 46 47 83
. 46 82 83
. 47 48 84
. 47 83 84
. 48 49 85
. 48 84 85
. 49 50 86
. 49 85 86
. 50 51 87
. 50 86 87
. 51 52 88
. 51 87 88
. 52 53 89
. 52 88 89
. 53 54 90
. 53 89 90
. 54 55 91
. 54 90 91
. 55 56 92
. 55 91 92
. 56 57 93
. 56 92 93
. 57 58 94
. 57 93 94
. 58 59 95
. 58 94 95
. 59 60 96
. 59 95 96
. 60 61 97
. 60 96 97
. 61 62 98
. 61 97 98
. 62 63 99
. 62 98 99
. 63 64 100
. 63 99 100
. 64 65 101
. 64 100 101
. 65 66 102
. 65 101 102
. 66 67 103
. 66 102 103
. 67 68 104
. 67 103 104
. 68 69 105
. 68 104 105
. 69 70 106
. 69 105 106
. 70 71 107
. 70 106 107
. 71 72 108
. 71 107 108
. 72 37 73
. 72 108 73
. 73 74 110
. 73 109 110
. 74 75 111
. 74 110 111
. 75 76 112
. 75 111 112
. 76 77 113
. 76 112 113
. 77 78 114
. 77 113 114
. 78 79 115
. 78 114 115
. 79 80 116
. 79 115 116
. 80 81 117
. 80 116 117
. 81 82 118
. 81 117 118
. 82 83 119
. 82 118 119
. 83 84 120
. 83 119 120
. 84 85 121
. 84 120 121
. 85 86 122
. 85 121 122
. 86 87 123
. 86 122 123
. 87 88 124
. 87 123 124
. 88 89 125
. 88 124 125
. 89 90 126
. 89 125 126
. 90 91 127
. 90 126 127
. 91 92 128
. 91 127 128
. 92 93 129
. 92 128 129
. 93 94 130
. 93 129 130
. 94 95 131
. 94 130 131
. 95 96 132
. 95 131 132
. 96 97 133
. 96 132 133
. 97 98 134
. 97 133 134
. 98 99 135
. 98 134 135
. 99 100 136
. 99 135 136
. 100 101 137
. 100 136 137
. 101 102 138
. 101 137 138
. 102 103 139
. 102 138 139
. 103 104 140
. 103 139 140
. 104 105 141
. 104 140 141
. 105 106 142
. 105 141 142
. 106 107 143
. 106 142 143
. 107 108 144
. 107 143 144
. 108 73 109
. 108 144 109
. 109 110 146
. 109 145 146
. 110 111 147
. 110 146 147
. 111 112 148
. 111 147 148
. 112 113 149
. 112 148 149
. 113 114 150
. 113 149 150
. 114 115 151
. 114 150 151
. 115 116 152
. 115 151 152
. 116 117 153
. 116 152 153
. 117 118 154
. 117 153 154
. 118 119 155
. 118 154 155
. 119 120 156
. 119 155 156
. 120 121 157
. 120 156 157
. 121 122 158
. 121 157 158
. 122 123 159
. 122 158 159
. 123 124 160
. 123 159 160
. 124 125 161
. 124 160 161
. 125 126 162
. 125 161 162
. 126 127 163
. 126 162 163
. 127 128 164
. 127 163 164
. 128 129 165
. 128 164 165
. 129 130 166
. 129 165 166
. 130 131 167
. 130 166 167
. 131 132 168
. 131 167 168
. 132 133 169
. 132 168 169
. 133 134 170
. 133 169 170
. 134 135 171
. 134 170 171
. 135 136 172
. 135 171 172
. 136 137 173
. 136 172 173
. 137 138 174
. 137 173 174
. 138 139 175
. 138 174 175
. 139 140 176
. 139 175 176
. 140 141 177
. 140 176 177
. 141 142 178
. 141 177 178
. 142 143 179
. 142 178 179
. 143 144 180
. 143 179 180
. 144 109 145
. 144 180 145
. 145 146 182
. 145 181 182
. 146 147 183
. 146 182 183
. 147 148 184
. 147 183 184
. 148 149 185
. 148 184 185
. 149 150 186
. 149 185 186
. 150 151 187
. 150 186 187
. 151 152 188
. 151 187 188
. 152 153 189
. 152 188 189
. 153 154 190
. 153 189 190
. 154 155 191
. 154 190 191
. 155 156 192
. 155 191 192
. 156 157 193
. 156 192 193
. 157 158 194
. 157 193 194
. 158 159 195
. 158 194 195
. 159 160 196
. 159 195 196
. 160 161 197
. 160 196 197
. 161 162 198
. 161 197 198
. 162 163 199
. 162 198 199
. 163 164 200
. 163 199 200
. 164 165 201
. 164 200 201
. 165 166 202
. 165 201 202
. 166 167 203
. 166 202 203
. 167 168 204
. 167 203 204
. 168 169 205
. 168 204 205
. 169 170 206
. 169 205 206
. 170 171 207
. 170 206 207
. 171 172 208
. 171 207 208
. 172 173 209
. 172 208 209
. 173 174 210
. 173 209 210
. 174 175 211
. 174 210 211
. 175 176 212
. 175 211 212
. 176 177 213
. 176 212 213
. 177 178 214
. 177 213 214
. 178 179 215
. 178 214 215
. 179 180 216
. 179 215 216
. 180 145 181
. 180 216 181
. 181 182 218
. 181 217 218
. 182 183 219
. 182 218 219
. 183 184 220
. 183 219 220
. 184 185 221
. 184 220 221
. 185 186 222
. 185 221 222
. 186 187 223
. 186 222 223
. 187 188 224
. 187 223 224
. 188 189 225
. 188 224 225
. 189 190 226
. 189 225 226
. 190 191 227
. 190 226 227
. 191 192 228
. 191 227 228
. 192 193 229
. 192 228 229
. 193 194 230
. 193 229 230
. 194 195 231
. 194 230 231
. 195 196 232
. 195 231 232
. 196 197 233
. 196 232 233
. 197 198 234
. 197 233 234
. 198 199 235
. 198 234 235
. 199 200 236
. 199 235 236
. 200 201 237
. 200 236 237
. 201 202 238
. 201 237 238
. 202 203 239
. 202 238 239
. 203 204 240
. 203 239 240
. 204 205 241
. 204 240 241
. 205 206 242
. 205 241 242
. 206 207 243
. 206 242 243
. 207 208 244
. 207 243 244
. 208 209 245
. 208 244 245
. 209 210 246
. 209 245 246
. 210 211 247
. 210 246 247
. 211 212 248
. 211 247 248
. 212 213 249
. 212 248 249
. 213 214 250
. 213 249 250
. 214 215 251
. 214 250 251
. 215 216 252
. 215 251 252
. 216 181 217
. 216 252 217
. 217 218 254
. 217 253 254
. 218 219 255
. 218 254 255
. 219 220 256
. 219 255 256
. 220 221 257
. 220 256 257
. 221 222 258
. 221 257 258
. 222 223 259
. 222 258 259
. 223 224 260
. 223 259 260
. 224 225 261
. 224 260 261
. 225 226 262
. 225 261 262
. 226 227 263
. 226 262 263
. 227 228 264
. 227 263 264
. 228 229 265
. 228 264 265
. 229 230 266
. 229 265 266
. 230 231 267
. 230 266 267
. 231 232 268
. 231 267 268
. 232 233 269
. 232 268 269
. 233 234 270
. 233 269 270
. 234 235 271
. 234 270 271
. 235 236 272
. 235 271 272
. 236 237 273
. 236 272 273
. 237 238 274
. 237 273 274
. 238 239 275
. 238 274 275
. 239 240 276
. 239 275 276
. 240 241 277
. 240 276 277
. 241 242 278
. 241 277 278
. 242 243 279
. 242 278 279
. 243 244 280
. 243 279 280
. 244 245 281
. 244 280 281
. 245 246 282
. 245 281 282
. 246 247 283
. 246 282 283
. 247 248 284
. 247 283 284
. 248 249 285
. 248 284 285
. 249 250 286
. 249 285 286
. 250 251 287
. 250 286 287
. 251 252 288
. 251 287 288
. 252 217 253
. 252 288 253
. 253 254 290
. 253 289 290
. 254 255 291
. 254 290 291
. 255 256 292
. 255 291 292
. 256 257 293
. 256 292 293
. 257 258 294
. 257 293 294
. 258 259 295
. 258 294 295
. 259 260 296
. 259 295 296
. 260 261 297
. 260 296 297
. 261 262 298
. 261 297 298
. 262 263 299
. 262 298 299
. 263 264 300
. 263 299 300
. 264 265 301
. 264 300 301
. 265 266 302
. 265 301 302
. 266 267 303
. 266 302 303
. 267 268 304
. 267 303 304
. 268 269 305
. 268 304 305
. 269 270 306
. 269 305 306
. 270 271 307
. 270 306 307
. 271 272 308
. 271 307 308
. 272 273 309
. 272 308 309
. 273 274 310
. 273 309 310
. 274 275 311
. 274 310 311
. 275 276 312
. 275 311 312
. 276 277 313
. 276 312 313
. 277 278 314
. 277 313 314
. 278 279 315
. 278 314 315
. 279 280 316
. 279 315 316
. 280 281 317
. 280 316 317
. 281 282 318
. 281 317 318
. 282 283 319
. 282 318 319
. 283 284 320
. 283 319 320
. 284 285 321
. 284 320 321
. 285 286 322
. 285 321 322
. 286 287 323
. 286 322 323
. 287 288 324
. 287 323 324
. 288 253 289
. 288 324 289
. 289 290 326
. 289 325 326
. 290 291 327
. 290 326 327
. 291 292 328
. 291 327 328
. 292 293 329
. 292 328 329
. 293 294 330
. 293 329 330
. 294 295 331
. 294 330 331
. 295 296 332
. 295 331 332
. 296 297 333
. 296 332 333
. 297 298 334
. 297 333 334
. 298 299 335
. 298 334 335
. 299 300 336
. 299 335 336
. 300 301 337
. 300 336 337
. 301 302 338
. 301 337 338
. 302 303 339
. 302 338 339
. 303 304 340
. 303 339 340
. 304 305 341
. 304 340 341
. 305 306 342
. 305 341 342
. 306 307 343
. 306 342 343
. 307 308 344
. 307 343 344
. 308 309 345
. 308 344 345
. 309 310 346
. 309 345 346
. 310 311 347
. 310 346 347
. 311 312 348
. 311 347 348
. 312 313 349
. 312 348 349
. 313 314 350
. 313 349 350
. 314 315 351
. 314 350 351
. 315 316 352
. 315 351 352
. 316 317 353
. 316 352 353
. 317 318 354
. 317 353 354
. 318 319 355
. 318 354 355
. 319 320 356
. 319 355 356
. 320 321 357
. 320 356 357
. 321 322 358
. 321 357 358
. 322 323 359
. 322 358 359
. 323 324 360
. 323 359 360
. 324 289 325
. 324 360 325
. 325 326 362
. 325 361 362
. 326 327 363
. 326 362 363
. 327 328 364
. 327 363 364
. 328 329 365
. 328 364 365
. 329 330 366
. 329 365 366
. 330 331 367
. 330 366 367
. 331 332 368
. 331 367 368
. 332 333 369
. 332 368 369
. 333 334 370
. 333 369 370
. 334 335 371
. 334 370 371
. 335 336 372
. 335 371 372
. 336 337 373
. 336 372 373
. 337 338 374
. 337 373 374
. 338 339 375
. 338 374 375
. 339 340 376
. 339 375 376
. 340 341 377
. 340 376 377
. 341 342 378
. 341 377 378
. 342 343 379
. 342 378 379
. 343 344 380
. 343 379 380
. 344 345 381
. 344 380 381
. 345 346 382
. 345 381 382
. 346 347 383
. 346 382 383
. 347 348 384
. 347 383 384
. 348 349 385
. 348 384 385
. 349 350 386
. 349 385 386
. 350 351 387
. 350 386 387
. 351 352 388
. 351 387 388
. 352 353 389
. 352 388 389
. 353 354 390
. 353 389 390
. 354 355 391
. 354 390 391
. 355 356 392
. 355 391 392
. 356 357 393
. 356 392 393
. 357 358 394
. 357 393 394
. 358 359 395
. 358 394 395
. 359 360 396
. 359 395 396
. 360 325 361
. 360 396 361
. 361 362 398
. 361 397 398
. 362 363 399
. 362 398 399
. 363 364 400
. 363 399 400
. 364 365 401
. 364 400 401
. 365 366 402
. 365 401 402
. 366 367 403
. 366 402 403
. 367 368 404
. 367 403 404
. 368 369 405
. 368 404 405
. 369 370 406
. 369 405 406
. 370 371 407
. 370 406 407
. 371 372 408
. 371 407 408
. 372 373 409
. 372 408 409
. 373 374 410
. 373 409 410
. 374 375 411
. 374 410 411
. 375 376 412
. 375 411 412
. 376 377 413
. 376 412 413
. 377 378 414
. 377 413 414
. 378 379 415
. 378 414 415
. 379 380 416
. 379 415 416
. 380 381 417
. 380 416 417
. 381 382 418
. 381 417 418
. 382 383 419
. 382 418 419
. 383 384 420
. 383 419 420
. 384 385 421
. 384 420 421
. 385 386 422
. 385 421 422
. 386 387 423
. 386 422 423
. 387 388 424
. 387 423 424
. 388 389 425
. 388 424 425
. 389 390 426
. 389 425 426
. 390 391 427
. 390 426 427
. 391 392 428
. 391 427 428
. 392 393 429
. 392 428 429
. 393 394 430
. 393 429 430
. 394 395 431
. 394 430 431
. 395 396 432
. 395 431 432
. 396 361 397
. 396 432 397
. 397 398 434
. 397 433 434
. 398 399 435
. 398 434 435
. 399 400 436
. 399 435 436
. 400 401 437
. 400 436 437
. 401 402 438
. 401 437 438
. 402 403 439
. 402 438 439
. 403 404 440
. 403 439 440
. 404 405 441
. 404 440 441
. 405 406 442
. 405 441 442
. 406 407 443
. 406 442 443
. 407 408 444
. 407 443 444
. 408 409 445
. 408 444 445
. 409 410 446
. 409 445 446
. 410 411 447
. 410 446 447
. 411 412 448
. 411 447 448
. 412 413 449
. 412 448 449
. 413 414 450
. 413 449 450
. 414 415 451
. 414 450 451
. 415 416 452
. 415 451 452
. 416 417 453
. 416 452 453
. 417 418 454
. 417 453 454
. 418 419 455
. 418 454 455
. 419 420 456
. 419 455 456
. 420 421 457
. 420 456 457
. 421 422 458
. 421 457 458
. 422 423 459
. 422 458 459
. 423 424 460
. 423 459 460
. 424 425 461
. 424 460 461
. 425 426 462
. 425 461 462
. 426 427 463
. 426 462 463
. 427 428 464
. 427 463 464
. 428 429 465
. 428 464 465
. 429 430 466
. 429 465 466
. 430 431 467
. 430 466 467
. 431 432 468
. 431 467 468
. 432 397 433
. 432 468 433
. 433 434 470
. 433 469 470
. 434 435 471
. 434 470 471
. 435 436 472
. 435 471 472
. 436 437 473
. 436 472 473
. 437 438 474
. 437 473 474
. 438 439 475
. 438 474 475
. 439 440 476
. 439 475 476
. 440 441 477
. 440 476 477
. 441 442 478
. 441 477 478
. 442 443 479
. 442 478 479
. 443 444 480
. 443 479 480
. 444 445 481
. 444 480 481
. 445 446 482
. 445 481 482
. 446 447 483
. 446 482 483
. 447 448 484
. 447 483 484
. 448 449 485
. 448 484 485
. 449 450 486
. 449 485 486
. 450 451 487
. 450 486 487
. 451 452 488
. 451 487 488
. 452 453 489
. 452 488 489
. 453 454 490
. 453 489 490
. 454 455 491
. 454 490 491
. 455 456 492
. 455 491 492
. 456 457 493
. 456 492 493
. 457 458 494
. 457 493 494
. 458 459 495
. 458 494 495
. 459 460 496
. 459 495 496
. 460 461 497
. 460 496 497
. 461 462 498
. 461 497 498
. 462 463 499
. 462 498 499
. 463 464 500
. 463 499 500
. 464 465 501
. 464 500 501
. 465 466 502
. 465 501 502
. 466 467 503
. 466 502 503
. 467 468 504
. 467 503 504
. 468 433 469
. 468 504 469
. 469 470 506
. 469 505 506
. 470 471 507
. 470 506 507
. 471 472 508
. 471 507 508
. 472 473 509
. 472 508 509
. 473 474 510
. 473 509 510
. 474 475 511
. 474 510 511
. 475 476 512
. 475 511 512
. 476 477 513
. 476 512 513
. 477 478 514
. 477 513 514
. 478 479 515
. 478 514 515
. 479 480 516
. 479 515 516
. 480 481 517
. 480 516 517
. 481 482 518
. 481 517 518
. 482 483 519
. 482 518 519
. 483 484 520
. 483 519 520
. 484 485 521
. 484 520 521
. 485 486 522
. 485 521 522
. 486 487 523
. 486 522 523
. 487 488 524
. 487 523 524
. 488 489 525
. 488 524 525
. 489 490 526
. 489 525 526
. 490 491 527
. 490 526 527
. 491 492 528
. 491 527 528
. 492 493 529
. 492 528 529
. 493 494 530
. 493 529 530
. 494 495 531
. 494 530 531
. 495 496 532
. 495 531 532
. 496 497 533
. 496 532 533
. 497 498 534
. 497 533 534
. 498 499 535
. 498 534 535
. 499 500 536
. 499 535 536
. 500 501 537
. 500 536 537
. 501 502 538
. 501 537 538
. 502 503 539
. 502 538 539
. 503 504 540
. 503 539 540
. 504 469 505
. 504 540 505
. 505 506 542
. 505 541 542
. 506 507 543
. 506 542 543
. 507 508 544
. 507 543 544
. 508 509 545
. 508 544 545
. 509 510 546
. 509 545 546
. 510 511 547
. 510 546 547
. 511 512 548
. 511 547 548
. 512 513 549
. 512 548 549
. 513 514 550
. 513 549 550
. 514 515 551
. 514 550 551
. 515 516 552
. 515 551 552
. 516 517 553
. 516 552 553
. 517 518 554
. 517 553 554
. 518 519 555
. 518 554 555
. 519 520 556
. 519 555 556
. 520 521 557
. 520 556 557
. 521 522 558
. 521 557 558
. 522 523 559
. 522 558 559
. 523 524 560
. 523 559 560
. 524 525 561
. 524 560 561
. 525 526 562
. 525 561 562
. 526 527 563
. 526 562 563
. 527 528 564
. 527 563 564
. 528 529 565
. 528 564 565
. 529 530 566
. 529 565 566
. 530 531 567
. 530 566 567
. 531 532 568
. 531 567 568
. 532 533 569
. 532 568 569
. 533 534 570
. 533 569 570
. 534 535 571
. 534 570 571
. 535 536 572
. 535 571 572
. 536 537 573
. 536 572 573
. 537 538 574
. 537 573 574
. 538 539 575
. 538 574 575
. 539 540 576
. 539 575 576
. 540 505 541
. 540 576 541
. 541 542 578
. 541 577 578
. 542 543 579
. 542 578 579
. 543 544 580
. 543 579 580
. 544 545 581
. 544 580 581
. 545 546 582
. 545 581 582
. 546 547 583
. 546 582 583
. 547 548 584
. 547 583 584
. 548 549 585
. 548 584 585
. 549 550 586
. 549 585 586
. 550 551 587
. 550 586 587
. 551 552 588
. 551 587 588
. 552 553 589
. 552 588 589
. 553 554 590
. 553 589 590
. 554 555 591
. 554 590 591
. 555 556 592
. 555 591 592
. 556 557 593
. 556 592 593
. 557 558 594
. 557 593 594
. 558 559 595
. 558 594 595
. 559 560 596
. 559 595 596
. 560 561 597
. 560 596 597
. 561 562 598
. 561 597 598
. 562 563 599
. 562 598 599
. 563 564 600
. 563 599 600
. 564 565 601
. 564 600 601
. 565 566 602
. 565 601 602
. 566 567 603
. 566 602 603
. 567 568 604
. 567 603 604
. 568 569 605
. 568 604 605
. 569 570 606
. 569 605 606
. 570 571 607
. 570 606 607
. 571 572 608
. 571 607 608
. 572 573 609
. 572 608 609
. 573 574 610
. 573 609 610
. 574 575 611
. 574 610 611
. 575 576 612
. 575 611 612
. 576 541 577
. 576 612 577
. 577 578 614
. 577 613 614
. 578 579 615
. 578 614 615
. 579 580 616
. 579 615 616
. 580 581 617
. 580 616 617
. 581 582 618
. 581 617 618
. 582 583 619
. 582 618 619
. 583 584 620
. 583 619 620
. 584 585 621
. 584 620 621
. 585 586 622
. 585 621 622
. 586 587 623
. 586 622 623
. 587 588 624
. 587 623 624
. 588 589 625
. 588 624 625
. 589 590 626
. 589 625 626
. 590 591 627
. 590 626 627
. 591 592 628
. 591 627 628
. 592 593 629
. 592 628 629
. 593 594 630
. 593 629 630
. 594 595 631
. 594 630 631
. 595 596 632
. 595 631 632
. 596 597 633
. 596 632 633
. 597 598 634
. 597 633 634
. 598 599 635
. 598 634 635
. 599 600 636
. 599 635 636
. 600 601 637
. 600 636 637
. 601 602 638
. 601 637 638
. 602 603 639
. 602 638 639
. 603 604 640
. 603 639 640
. 604 605 641
. 604 640 641
. 605 606 642
. 605 641 642
. 606 607 643
. 606 642 643
. 607 608 644
. 607 643 644
. 608 609 645
. 608 644 645
. 609 610 646
. 609 645 646
. 610 611 647
. 610 646 647
. 611 612 648
. 611 647 648
. 612 577 613
. 612 648 613
. 613 614 650
. 613 649 650
. 614 615 651
. 614 650 651
. 615 616 652
. 615 651 652
. 616 617 653
. 616 652 653
. 617 618 654
. 617 653 654
. 618 619 655
. 618 654 655
. 619 620 656
. 619 655 656
. 620 621 657
. 620 656 657
. 621 622 658
. 621 657 658
. 622 623 659
. 622 658 659
. 623 624 660
. 623 659 660
. 624 625 661
. 624 660 661
. 625 626 662
. 625 661 662
. 626 627 663
. 626 662 663
. 627 628 664
. 627 663 664
. 628 629 665
. 628 664 665
. 629 630 666
. 629 665 666
. 630 631 667
. 630 666 667
. 631 632 668
. 631 667 668
. 632 633 669
. 632 668 669
. 633 634 670
. 633 669 670
. 634 635 671
. 634 670 671
. 635 636 672
. 635 671 672
. 636 637 673
. 636 672 673
. 637 638 674
. 637 673 674
. 638 639 675
. 638 674 675
. 639 640 676
. 639 675 676
. 640 641 677
. 640 676 677
. 641 642 678
. 641 677 678
. 642 643 679
. 642 678 679
. 643 644 680
. 643 679 680
. 644 645 681
. 644 680 681
. 645 646 682
. 645 681 682
. 646 647 683
. 646 682 683
. 647 648 684
. 647 683 684
. 648 613 649
. 648 684 649
