0 -100 150
0 -100 150
0 -100 150
0 -100 150
0 -100 150
0 -100 150
0 -100 150
0 -100 150
0 -100 150
0 -100 150
0 -100 150
0 -100 150
0 -100 150
0 -100 150
0 -100 150
0 -100 150
0 -100 150
0 -100 150
0 -100 150
0 -100 150
0 -100 150
0 -100 150
0 -100 150
0 -100 150
0 -100 150
0 -100 150
0 -100 150
0 -100 150
0 -100 150
0 -100 150
0 -100 150
0 -100 150
0 -100 150
0 -100 150
0 -100 150
0 -100 150
17.364819 -98.480774 150.0
17.101007 -98.480774 153.01537
16.317593 -98.480774 155.93912
15.038374 -98.480774 158.6824
13.302222 -98.480774 161.1619
11.161891 -98.480774 163.30222
8.682409 -98.480774 165.03838
5.939118 -98.480774 166.3176
3.0153692 -98.480774 167.10101
1.0632885E-15 -98.480774 167.36482
-3.0153692 -98.480774 167.10101
-5.939118 -98.480774 166.3176
-8.682409 -98.480774 165.03838
-11.161891 -98.480774 163.30222
-13.302222 -98.480774 161.1619
-15.038374 -98.480774 158.6824
-16.317593 -98.480774 155.93912
-17.101007 -98.480774 153.01537
-17.364819 -98.480774 150.0
-17.101007 -98.480774 146.98463
-16.317593 -98.480774 144.06088
-15.038374 -98.480774 141.3176
-13.302222 -98.480774 138.8381
-11.161891 -98.480774 136.69778
-8.682409 -98.480774 134.96162
-5.939118 -98.480774 133.6824
-3.0153692 -98.480774 132.89899
-3.1898653E-15 -98.480774 132.63518
3.0153692 -98.480774 132.89899
5.939118 -98.480774 133.6824
8.682409 -98.480774 134.96162
11.161891 -98.480774 136.69778
13.302222 -98.480774 138.8381
15.038374 -98.480774 141.3176
16.317593 -98.480774 144.06088
17.101007 -98.480774 146.98463
34.202015 -93.96926 150.0
33.682407 -93.96926 155.93912
32.13938 -93.96926 161.69778
29.619814 -93.96926 167.10101
26.200264 -93.96926 171.98463
21.984632 -93.96926 176.20026
17.101007 -93.96926 179.61981
11.697779 -93.96926 182.13937
5.9391174 -93.96926 183.6824
2.0942695E-15 -93.96926 184.20201
-5.9391174 -93.96926 183.6824
-11.697779 -93.96926 182.13937
-17.101007 -93.96926 179.61981
-21.984632 -93.96926 176.20026
-26.200264 -93.96926 171.98463
-29.619814 -93.96926 167.10101
-32.13938 -93.96926 161.69778
-33.682407 -93.96926 155.93912
-34.202015 -93.96926 150.0
-33.682407 -93.96926 144.06088
-32.13938 -93.96926 138.30222
-29.619814 -93.96926 132.89899
-26.200264 -93.96926 128.01537
-21.984632 -93.96926 123.799736
-17.101007 -93.96926 120.38019
-11.697779 -93.96926 117.86062
-5.9391174 -93.96926 116.3176
-6.282808E-15 -93.96926 115.79799
5.9391174 -93.96926 116.3176
11.697779 -93.96926 117.86062
17.101007 -93.96926 120.38019
21.984632 -93.96926 123.799736
26.200264 -93.96926 128.01537
29.619814 -93.96926 132.89899
32.13938 -93.96926 138.30222
33.682407 -93.96926 144.06088
50.0 -86.60254 150.0
49.240387 -86.60254 158.6824
46.98463 -86.60254 167.10101
43.30127 -86.60254 175.0
38.302223 -86.60254 182.13937
32.13938 -86.60254 188.30222
25.0 -86.60254 193.30127
17.101007 -86.60254 196.98463
8.682409 -86.60254 199.24039
3.061617E-15 -86.60254 200.0
-8.682409 -86.60254 199.24039
-17.101007 -86.60254 196.98463
-25.0 -86.60254 193.30127
-32.13938 -86.60254 188.30222
-38.302223 -86.60254 182.13937
-43.30127 -86.60254 175.0
-46.98463 -86.60254 167.10101
-49.240387 -86.60254 158.6824
-50.0 -86.60254 150.0
-49.240387 -86.60254 141.3176
-46.98463 -86.60254 132.89899
-43.30127 -86.60254 125.0
-38.302223 -86.60254 117.86062
-32.13938 -86.60254 111.69778
-25.0 -86.60254 106.69873
-17.101007 -86.60254 103.015366
-8.682409 -86.60254 100.75961
-9.184851E-15 -86.60254 100.0
8.682409 -86.60254 100.75961
17.101007 -86.60254 103.015366
25.0 -86.60254 106.69873
32.13938 -86.60254 111.69778
38.302223 -86.60254 117.86062
43.30127 -86.60254 125.0
46.98463 -86.60254 132.89899
49.240387 -86.60254 141.3176
64.27876 -76.60445 150.0
63.302223 -76.60445 161.1619
60.40228 -76.60445 171.98463
55.66704 -76.60445 182.13937
49.240387 -76.60445 191.3176
41.317593 -76.60445 199.24039
32.13938 -76.60445 205.66704
21.984632 -76.60445 210.40228
11.16189 -76.60445 213.30222
3.9359393E-15 -76.60445 214.27876
-11.16189 -76.60445 213.30222
-21.984632 -76.60445 210.40228
-32.13938 -76.60445 205.66704
-41.317593 -76.60445 199.24039
-49.240387 -76.60445 191.3176
-55.66704 -76.60445 182.13937
-60.40228 -76.60445 171.98463
-63.302223 -76.60445 161.1619
-64.27876 -76.60445 150.0
-63.302223 -76.60445 138.8381
-60.40228 -76.60445 128.01537
-55.66704 -76.60445 117.86062
-49.240387 -76.60445 108.6824
-41.317593 -76.60445 100.75961
-32.13938 -76.60445 94.33296
-21.984632 -76.60445 89.59772
-11.16189 -76.60445 86.69778
-1.1807817E-14 -76.60445 85.72124
11.16189 -76.60445 86.69778
21.984632 -76.60445 89.59772
32.13938 -76.60445 94.33296
41.317593 -76.60445 100.75961
49.240387 -76.60445 108.6824
55.66704 -76.60445 117.86062
60.40228 -76.60445 128.01537
63.302223 -76.60445 138.8381
76.60445 -64.27876 150.0
75.44065 -64.27876 163.30222
71.984634 -64.27876 176.20026
66.34139 -64.27876 188.30222
58.68241 -64.27876 199.24039
49.24039 -64.27876 208.6824
38.302223 -64.27876 216.3414
26.200264 -64.27876 221.98463
13.302222 -64.27876 225.44064
4.69067E-15 -64.27876 226.60445
-13.302222 -64.27876 225.44064
-26.200264 -64.27876 221.98463
-38.302223 -64.27876 216.3414
-49.24039 -64.27876 208.6824
-58.68241 -64.27876 199.24039
-66.34139 -64.27876 188.30222
-71.984634 -64.27876 176.20026
-75.44065 -64.27876 163.30222
-76.60445 -64.27876 150.0
-75.44065 -64.27876 136.69778
-71.984634 -64.27876 123.799736
-66.34139 -64.27876 111.69778
-58.68241 -64.27876 100.75961
-49.24039 -64.27876 91.31759
-38.302223 -64.27876 83.65861
-26.200264 -64.27876 78.015366
-13.302222 -64.27876 74.55935
-1.4072008E-14 -64.27876 73.39555
13.302222 -64.27876 74.55935
26.200264 -64.27876 78.015366
38.302223 -64.27876 83.65861
49.24039 -64.27876 91.31759
58.68241 -64.27876 100.75961
66.34139 -64.27876 111.69778
71.984634 -64.27876 123.799736
75.44065 -64.27876 136.69778
86.60254 -50.0 150.0
85.28685 -50.0 165.03838
81.37977 -50.0 179.61981
75.0 -50.0 193.30127
66.34139 -50.0 205.66704
55.66704 -50.0 216.3414
43.30127 -50.0 225.0
29.619814 -50.0 231.37976
15.038373 -50.0 235.28685
5.3028764E-15 -50.0 236.60254
-15.038373 -50.0 235.28685
-29.619814 -50.0 231.37976
-43.30127 -50.0 225.0
-55.66704 -50.0 216.3414
-66.34139 -50.0 205.66704
-75.0 -50.0 193.30127
-81.37977 -50.0 179.61981
-85.28685 -50.0 165.03838
-86.60254 -50.0 150.0
-85.28685 -50.0 134.96162
-81.37977 -50.0 120.38019
-75.0 -50.0 106.69873
-66.34139 -50.0 94.33296
-55.66704 -50.0 83.65861
-43.30127 -50.0 75.0
-29.619814 -50.0 68.62023
-15.038373 -50.0 64.71315
-1.5908627E-14 -50.0 63.39746
15.038373 -50.0 64.71315
29.619814 -50.0 68.62023
43.30127 -50.0 75.0
55.66704 -50.0 83.65861
66.34139 -50.0 94.33296
75.0 -50.0 106.69873
81.37977 -50.0 120.38019
85.28685 -50.0 134.96162
93.96926 -34.202015 150.0
92.54166 -34.202015 166.3176
88.30222 -34.202015 182.13937
81.37977 -34.202015 196.98463
71.98463 -34.202015 210.40228
60.40228 -34.202015 221.98462
46.98463 -34.202015 231.37976
32.13938 -34.202015 238.30222
16.31759 -34.202015 242.54166
5.753958E-15 -34.202015 243.96927
-16.31759 -34.202015 242.54166
-32.13938 -34.202015 238.30222
-46.98463 -34.202015 231.37976
-60.40228 -34.202015 221.98462
-71.98463 -34.202015 210.40228
-81.37977 -34.202015 196.98463
-88.30222 -34.202015 182.13937
-92.54166 -34.202015 166.3176
-93.96926 -34.202015 150.0
-92.54166 -34.202015 133.6824
-88.30222 -34.202015 117.86062
-81.37977 -34.202015 103.015366
-71.98463 -34.202015 89.59772
-60.40228 -34.202015 78.01537
-46.98463 -34.202015 68.62023
-32.13938 -34.202015 61.697777
-16.31759 -34.202015 57.458344
-1.7261872E-14 -34.202015 56.03074
16.31759 -34.202015 57.458344
32.13938 -34.202015 61.697777
46.98463 -34.202015 68.62023
60.40228 -34.202015 78.01537
71.98463 -34.202015 89.59772
81.37977 -34.202015 103.015366
88.30222 -34.202015 117.86062
92.54166 -34.202015 133.6824
98.480774 -17.364819 150.0
96.98463 -17.364819 167.10101
92.54166 -17.364819 183.6824
85.28685 -17.364819 199.24039
75.44065 -17.364819 213.30222
63.302223 -17.364819 225.44064
49.240387 -17.364819 235.28685
33.68241 -17.364819 242.54166
17.101007 -17.364819 246.98462
6.0302084E-15 -17.364819 248.48077
-17.101007 -17.364819 246.98462
-33.68241 -17.364819 242.54166
-49.240387 -17.364819 235.28685
-63.302223 -17.364819 225.44064
-75.44065 -17.364819 213.30222
-85.28685 -17.364819 199.24039
-92.54166 -17.364819 183.6824
-96.98463 -17.364819 167.10101
-98.480774 -17.364819 150.0
-96.98463 -17.364819 132.89899
-92.54166 -17.364819 116.31759
-85.28685 -17.364819 100.75961
-75.44065 -17.364819 86.69778
-63.302223 -17.364819 74.55935
-49.240387 -17.364819 64.71315
-33.68241 -17.364819 57.458344
-17.101007 -17.364819 53.015373
-1.8090625E-14 -17.364819 51.519226
17.101007 -17.364819 53.015373
33.68241 -17.364819 57.458344
49.240387 -17.364819 64.71315
63.302223 -17.364819 74.55935
75.44065 -17.364819 86.69778
85.28685 -17.364819 100.75961
92.54166 -17.364819 116.31759
96.98463 -17.364819 132.89899
100.0 0.0 150.0
98.480774 0.0 167.36482
93.96926 0.0 184.20201
86.60254 0.0 200.0
76.60445 0.0 214.27876
64.27876 0.0 226.60445
50.0 0.0 236.60254
34.202015 0.0 243.96927
17.364819 0.0 248.48077
6.123234E-15 0.0 250.0
-17.364819 0.0 248.48077
-34.202015 0.0 243.96927
-50.0 0.0 236.60254
-64.27876 0.0 226.60445
-76.60445 0.0 214.27876
-86.60254 0.0 200.0
-93.96926 0.0 184.20201
-98.480774 0.0 167.36482
-100.0 0.0 150.0
-98.480774 0.0 132.63518
-93.96926 0.0 115.79799
-86.60254 0.0 100.0
-76.60445 0.0 85.72124
-64.27876 0.0 73.39555
-50.0 0.0 63.39746
-34.202015 0.0 56.03074
-17.364819 0.0 51.519226
-1.8369702E-14 0.0 50.0
17.364819 0.0 51.519226
34.202015 0.0 56.03074
50.0 0.0 63.39746
64.27876 0.0 73.39555
76.60445 0.0 85.72124
86.60254 0.0 100.0
93.96926 0.0 115.79799
98.480774 0.0 132.63518
98.480774 17.364819 150.0
96.98463 17.364819 167.10101
92.54166 17.364819 183.6824
85.28685 17.364819 199.24039
75.44065 17.364819 213.30222
63.302223 17.364819 225.44064
49.240387 17.364819 235.28685
33.68241 17.364819 242.54166
17.101007 17.364819 246.98462
6.0302084E-15 17.364819 248.48077
-17.101007 17.364819 246.98462
-33.68241 17.364819 242.54166
-49.240387 17.364819 235.28685
-63.302223 17.364819 225.44064
-75.44065 17.364819 213.30222
-85.28685 17.364819 199.24039
-92.54166 17.364819 183.6824
-96.98463 17.364819 167.10101
-98.480774 17.364819 150.0
-96.98463 17.364819 132.89899
-92.54166 17.364819 116.31759
-85.28685 17.364819 100.75961
-75.44065 17.364819 86.69778
-63.302223 17.364819 74.55935
-49.240387 17.364819 64.71315
-33.68241 17.364819 57.458344
-17.101007 17.364819 53.015373
-1.8090625E-14 17.364819 51.519226
17.101007 17.364819 53.015373
33.68241 17.364819 57.458344
49.240387 17.364819 64.71315
63.302223 17.364819 74.55935
75.44065 17.364819 86.69778
85.28685 17.364819 100.75961
92.54166 17.364819 116.31759
96.98463 17.364819 132.89899
93.96926 34.202015 150.0
92.54166 34.202015 166.3176
88.30222 34.202015 182.13937
81.37977 34.202015 196.98463
71.98463 34.202015 210.40228
60.40228 34.202015 221.98462
46.98463 34.202015 231.37976
32.13938 34.202015 238.30222
16.31759 34.202015 242.54166
5.753958E-15 34.202015 243.96927
-16.31759 34.202015 242.54166
-32.13938 34.202015 238.30222
-46.98463 34.202015 231.37976
-60.40228 34.202015 221.98462
-71.98463 34.202015 210.40228
-81.37977 34.202015 196.98463
-88.30222 34.202015 182.13937
-92.54166 34.202015 166.3176
-93.96926 34.202015 150.0
-92.54166 34.202015 133.6824
-88.30222 34.202015 117.86062
-81.37977 34.202015 103.015366
-71.98463 34.202015 89.59772
-60.40228 34.202015 78.01537
-46.98463 34.202015 68.62023
-32.13938 34.202015 61.697777
-16.31759 34.202015 57.458344
-1.7261872E-14 34.202015 56.03074
16.31759 34.202015 57.458344
32.13938 34.202015 61.697777
46.98463 34.202015 68.62023
60.40228 34.202015 78.01537
71.98463 34.202015 89.59772
81.37977 34.202015 103.015366
88.30222 34.202015 117.86062
92.54166 34.202015 133.6824
86.60254 50.0 150.0
85.28685 50.0 165.03838
81.37977 50.0 179.61981
75.0 50.0 193.30127
66.34139 50.0 205.66704
55.66704 50.0 216.3414
43.30127 50.0 225.0
29.619814 50.0 231.37976
15.038373 50.0 235.28685
5.3028764E-15 50.0 236.60254
-15.038373 50.0 235.28685
-29.619814 50.0 231.37976
-43.30127 50.0 225.0
-55.66704 50.0 216.3414
-66.34139 50.0 205.66704
-75.0 50.0 193.30127
-81.37977 50.0 179.61981
-85.28685 50.0 165.03838
-86.60254 50.0 150.0
-85.28685 50.0 134.96162
-81.37977 50.0 120.38019
-75.0 50.0 106.69873
-66.34139 50.0 94.33296
-55.66704 50.0 83.65861
-43.30127 50.0 75.0
-29.619814 50.0 68.62023
-15.038373 50.0 64.71315
-1.5908627E-14 50.0 63.39746
15.038373 50.0 64.71315
29.619814 50.0 68.62023
43.30127 50.0 75.0
55.66704 50.0 83.65861
66.34139 50.0 94.33296
75.0 50.0 106.69873
81.37977 50.0 120.38019
85.28685 50.0 134.96162
76.60445 64.27876 150.0
75.44065 64.27876 163.30222
71.984634 64.27876 176.20026
66.34139 64.27876 188.30222
58.68241 64.27876 199.24039
49.24039 64.27876 208.6824
38.302223 64.27876 216.3414
26.200264 64.27876 221.98463
13.302222 64.27876 225.44064
4.69067E-15 64.27876 226.60445
-13.302222 64.27876 225.44064
-26.200264 64.27876 221.98463
-38.302223 64.27876 216.3414
-49.24039 64.27876 208.6824
-58.68241 64.27876 199.24039
-66.34139 64.27876 188.30222
-71.984634 64.27876 176.20026
-75.44065 64.27876 163.30222
-76.60445 64.27876 150.0
-75.44065 64.27876 136.69778
-71.984634 64.27876 123.799736
-66.34139 64.27876 111.69778
-58.68241 64.27876 100.75961
-49.24039 64.27876 91.31759
-38.302223 64.27876 83.65861
-26.200264 64.27876 78.015366
-13.302222 64.27876 74.55935
-1.4072008E-14 64.27876 73.39555
13.302222 64.27876 74.55935
26.200264 64.27876 78.015366
38.302223 64.27876 83.65861
49.24039 64.27876 91.31759
58.68241 64.27876 100.75961
66.34139 64.27876 111.69778
71.984634 64.27876 123.799736
75.44065 64.27876 136.69778
64.27876 76.60445 150.0
63.302223 76.60445 161.1619
60.40228 76.60445 171.98463
55.66704 76.60445 182.13937
49.240387 76.60445 191.3176
41.317593 76.60445 199.24039
32.13938 76.60445 205.66704
21.984632 76.60445 210.40228
11.16189 76.60445 213.30222
3.9359393E-15 76.60445 214.27876
-11.16189 76.60445 213.30222
-21.984632 76.60445 210.40228
-32.13938 76.60445 205.66704
-41.317593 76.60445 199.24039
-49.240387 76.60445 191.3176
-55.66704 76.60445 182.13937
-60.40228 76.60445 171.98463
-63.302223 76.60445 161.1619
-64.27876 76.60445 150.0
-63.302223 76.60445 138.8381
-60.40228 76.60445 128.01537
-55.66704 76.60445 117.86062
-49.240387 76.60445 108.6824
-41.317593 76.60445 100.75961
-32.13938 76.60445 94.33296
-21.984632 76.60445 89.59772
-11.16189 76.60445 86.69778
-1.1807817E-14 76.60445 85.72124
11.16189 76.60445 86.69778
21.984632 76.60445 89.59772
32.13938 76.60445 94.33296
41.317593 76.60445 100.75961
49.240387 76.60445 108.6824
55.66704 76.60445 117.86062
60.40228 76.60445 128.01537
63.302223 76.60445 138.8381
50.0 86.60254 150.0
49.240387 86.60254 158.6824
46.98463 86.60254 167.10101
43.30127 86.60254 175.0
38.302223 86.60254 182.13937
32.13938 86.60254 188.30222
25.0 86.60254 193.30127
17.101007 86.60254 196.98463
8.682409 86.60254 199.24039
3.061617E-15 86.60254 200.0
-8.682409 86.60254 199.24039
-17.101007 86.60254 196.98463
-25.0 86.60254 193.30127
-32.13938 86.60254 188.30222
-38.302223 86.60254 182.13937
-43.30127 86.60254 175.0
-46.98463 86.60254 167.10101
-49.240387 86.60254 158.6824
-50.0 86.60254 150.0
-49.240387 86.60254 141.3176
-46.98463 86.60254 132.89899
-43.30127 86.60254 125.0
-38.302223 86.60254 117.86062
-32.13938 86.60254 111.69778
-25.0 86.60254 106.69873
-17.101007 86.60254 103.015366
-8.682409 86.60254 100.75961
-9.184851E-15 86.60254 100.0
8.682409 86.60254 100.75961
17.101007 86.60254 103.015366
25.0 86.60254 106.69873
32.13938 86.60254 111.69778
38.302223 86.60254 117.86062
43.30127 86.60254 125.0
46.98463 86.60254 132.89899
49.240387 86.60254 141.3176
34.202015 93.96926 150.0
33.682407 93.96926 155.93912
32.13938 93.96926 161.69778
29.619814 93.96926 167.10101
26.200264 93.96926 171.98463
21.984632 93.96926 176.20026
17.101007 93.96926 179.61981
11.697779 93.96926 182.13937
5.9391174 93.96926 183.6824
2.0942695E-15 93.96926 184.20201
-5.9391174 93.96926 183.6824
-11.697779 93.96926 182.13937
-17.101007 93.96926 179.61981
-21.984632 93.96926 176.20026
-26.200264 93.96926 171.98463
-29.619814 93.96926 167.10101
-32.13938 93.96926 161.69778
-33.682407 93.96926 155.93912
-34.202015 93.96926 150.0
-33.682407 93.96926 144.06088
-32.13938 93.96926 138.30222
-29.619814 93.96926 132.89899
-26.200264 93.96926 128.01537
-21.984632 93.96926 123.799736
-17.101007 93.96926 120.38019
-11.697779 93.96926 117.86062
-5.9391174 93.96926 116.3176
-6.282808E-15 93.96926 115.79799
5.9391174 93.96926 116.3176
11.697779 93.96926 117.86062
17.101007 93.96926 120.38019
21.984632 93.96926 123.799736
26.200264 93.96926 128.01537
29.619814 93.96926 132.89899
32.13938 93.96926 138.30222
33.682407 93.96926 144.06088
17.364819 98.480774 150.0
17.101007 98.480774 153.01537
16.317593 98.480774 155.93912
15.038374 98.480774 158.6824
13.302222 98.480774 161.1619
11.161891 98.480774 163.30222
8.682409 98.480774 165.03838
5.939118 98.480774 166.3176
3.0153692 98.480774 167.10101
1.0632885E-15 98.480774 167.36482
-3.0153692 98.480774 167.10101
-5.939118 98.480774 166.3176
-8.682409 98.480774 165.03838
-11.161891 98.480774 163.30222
-13.302222 98.480774 161.1619
-15.038374 98.480774 158.6824
-16.317593 98.480774 155.93912
-17.101007 98.480774 153.01537
-17.364819 98.480774 150.0
-17.101007 98.480774 146.98463
-16.317593 98.480774 144.06088
-15.038374 98.480774 141.3176
-13.302222 98.480774 138.8381
-11.161891 98.480774 136.69778
-8.682409 98.480774 134.96162
-5.939118 98.480774 133.6824
-3.0153692 98.480774 132.89899
-3.1898653E-15 98.480774 132.63518
3.0153692 98.480774 132.89899
5.939118 98.480774 133.6824
8.682409 98.480774 134.96162
11.161891 98.480774 136.69778
13.302222 98.480774 138.8381
15.038374 98.480774 141.3176
16.317593 98.480774 144.06088
17.101007 98.480774 146.98463
0 100 150
0 100 150
0 100 150
0 100 150
0 100 150
0 100 150
0 100 150
0 100 150
0 100 150
0 100 150
0 100 150
0 100 150
0 100 150
0 100 150
0 100 150
0 100 150
0 100 150
0 100 150
0 100 150
0 100 150
0 100 150
0 100 150
0 100 150
0 100 150
0 100 150
0 100 150
0 100 150
0 100 150
0 100 150
0 100 150
0 100 150
0 100 150
0 100 150
0 100 150
0 100 150
0 100 150
0 0 0
